100
34 988
134 4997
234 10962
334 17394
434 24427
534 31944
634 38813
734 46806
834 53589
934 61120
1034 67140
1134 75370
1234 82630
1334 91494
1434 98796
1534 107176
1634 118006
1734 128826
1834 138300
1934 146253
2034 150181
2134 155603
2234 165055
2334 179449
2434 178919
2534 187545
2634 196606
2734 204946
2834 213606
2934 222263
3034 231761
3134 243713
3234 251299
3334 263645
3434 269837
3534 277493
3634 286475
3734 295746
3834 305264
3934 314531
4034 324742
4134 327547
4234 337531
4334 345769
4434 355266
4534 364110
4634 374530
4734 383734
4834 392539
4934 402650
5034 411539
5134 421179
5234 430764
5334 441132
5434 451311
5534 460856
5634 469790
5734 480467
5834 489723
5934 500142
6034 508725
6134 519311
6234 529520
6334 538731
6434 549323
6534 559109
6634 569164
6734 580238
6834 589043
6934 599476
7034 609045
7134 619003
7234 630887
7334 640728
7434 651565
7534 662117
7634 672311
7734 681888
7834 693432
7934 703362
8034 713678
8134 724809
8234 723118
8334 733607
8434 742674
8534 751788
8634 761470
8734 773883
8834 785529
8934 792011
9034 802639
9134 812862
9234 825319
9334 833951
9434 844474
9534 855705
9634 865930
9734 875185
9834 888018
9934 897418