100
10 200000
110 180000
210 190000
310 180000
410 190000
510 180000
610 190000
710 190000
810 180000
910 190000
1010 180000
1110 190000
1210 190000
1310 180000
1410 190000
1510 190000
1610 180000
1710 190000
1810 180000
1910 190000
2010 190000
2110 180000
2210 190000
2310 190000
2410 180000
2510 190000
2610 190000
2710 180000
2810 190000
2910 180000
3010 190000
3110 180000
3210 190000
3310 190000
3410 180000
3510 190000
3610 180000
3710 180000
3810 190000
3910 180000
4010 190000
4110 190000
4210 180000
4310 180000
4410 180000
4510 190000
4610 190000
4710 180000
4810 190000
4910 190000
5010 180000
5110 190000
5210 180000
5310 190000
5410 180000
5510 190000
5610 190000
5710 180000
5810 190000
5910 190000
6010 180000
6110 190000
6210 190000
6310 180000
6410 190000
6510 180000
6610 190000
6710 190000
6810 180000
6910 180000
7010 190000
7110 190000
7210 180000
7310 190000
7410 190000
7510 180000
7610 180000
7710 180000
7810 190000
7910 190000
8010 180000
8110 190000
8210 190000
8310 190000
8410 190000
8510 180000
8610 190000
8710 190000
8810 190000
8910 190000
9010 180000
9110 180000
9210 190000
9310 190000
9410 190000
9510 180000
9610 180000
9710 180000
9810 190000
9910 190000