54
34 31261
39 43092
44 58279
49 69402
54 85223
59 106875
64 126214
69 143230
74 167579
79 193888
84 225697
89 246004
94 296730
99 329128
104 372149
109 413552
114 473248
119 503818
124 555068
129 585561
134 637089
139 701315
144 798859
149 843067
154 890383
159 956161
164 1040365
169 1102990
174 1196956
179 1311953
184 1449368
189 1458940
194 1621393
199 1619962
204 1759273
209 1854511
214 1968874
219 2121492
224 2301916
229 2279758
234 2449080
239 2616186
244 2685230
249 2795784
254 2996228
259 2982749
264 3111746
269 3247755
274 3354658
279 3607267
284 3647219
289 3907229
294 4021848
299 4153763